0.000025 0.010236 0.001983 0.019132
0.000000 0.000000 0.075791 0.000000
0.003117 0.006791 0.000838 0.020448
0.000676 0.009306 0.004885 0.005171
0.006990 0.007337 0.006547 0.004307
0.021598 0.014480 0.003922 0.005339
0.005599 0.008992 0.007012 0.003667
0.008713 0.009262 0.008554 0.003297
0.002040 0.008489 0.001187 0.019696
0.015705 0.013341 0.003373 0.006468
0.002718 0.008488 0.006233 0.003974
0.006108 0.009461 0.007411 0.003638
0.005801 0.009796 0.007521 0.003513
0.014591 0.008220 0.011246 0.003787
0.001536 0.009087 0.001371 0.019460
0.005189 0.025828 0.002443 0.008031
0.014042 0.014922 0.001611 0.008353
0.001000 0.009560 0.001580 0.019305
0.001580 0.009138 0.001348 0.019418
0.000962 0.009595 0.001595 0.019293
0.000812 0.010056 0.001634 0.019051
0.007266 0.014315 0.001552 0.008727
0.001439 0.009202 0.001407 0.019414
0.002182 0.008411 0.001128 0.019708
0.001780 0.008858 0.001277 0.019538
0.007464 0.015940 0.001731 0.009649
0.001362 0.009253 0.001438 0.019402
0.022278 0.012645 0.011665 0.002512
0.001305 0.009309 0.001460 0.019382
0.001863 0.008703 0.001251 0.019611
0.001634 0.009001 0.001333 0.019487
0.001906 0.008682 0.001233 0.019613
0.001716 0.008876 0.001305 0.019543
0.002838 0.007168 0.000933 0.020291
0.001741 0.008870 0.001294 0.019540
0.003771 0.007346 0.000424 0.019985
0.001714 0.008913 0.001303 0.019521
0.001744 0.008918 0.001289 0.019510
0.002098 0.008388 0.001168 0.019742
0.016312 0.015414 0.003373 0.006150
0.001769 0.008932 0.001277 0.019496
0.000439 0.010031 0.001805 0.019157
0.009376 0.014810 0.000722 0.009916
0.001845 0.008836 0.001249 0.019535
0.009342 0.018816 0.001154 0.011203
0.023124 0.012575 0.008969 0.003867
0.025701 0.009273 0.016914 0.003023
0.001786 0.008770 0.001281 0.019589
0.001922 0.008669 0.001227 0.019617
0.008801 0.009177 0.008522 0.003327
0.004668 0.008799 0.009022 0.002469
0.001795 0.008742 0.001279 0.019603
0.001852 0.008835 0.001246 0.019534
0.019673 0.009581 0.039491 0.000803
0.020378 0.002592 0.056793 0.000569
0.019817 0.017053 0.003601 0.006278
0.018747 0.000140 0.071987 0.000047
0.002043 0.008546 0.001181 0.019661
0.000648 0.009804 0.001724 0.019243
0.007000 0.011985 0.001557 0.009475
0.001753 0.008793 0.001294 0.019583
0.001858 0.008802 0.001246 0.019553
0.001982 0.008503 0.001212 0.019702
0.002193 0.008210 0.001139 0.019826
0.001535 0.009277 0.001358 0.019345
0.001697 0.008950 0.001308 0.019502
0.002469 0.008107 0.001020 0.019821
0.001914 0.008594 0.001236 0.019664
0.001762 0.008786 0.001291 0.019586
0.001602 0.008870 0.001356 0.019574
0.002135 0.008348 0.001154 0.019757
0.018501 0.004694 0.044881 0.000204
0.026955 0.005367 0.036498 0.001489
0.023651 0.006078 0.035325 0.000943
0.022528 0.005708 0.042750 0.000426
0.020912 0.006696 0.032590 0.000406
0.020834 0.007278 0.025049 0.001154
0.019307 0.006319 0.030251 0.000549
0.022394 0.009136 0.028706 0.000219
0.011822 0.008538 0.007569 0.000220
0.024271 0.006404 0.038163 0.000788
0.022938 0.004984 0.046415 0.000741
0.017942 0.010163 0.009222 0.000390
0.026735 0.009028 0.027453 0.000830
0.025594 0.008474 0.026578 0.000657
0.026321 0.009509 0.024241 0.000750
0.022845 0.010077 0.014578 0.000569
0.024353 0.013779 0.008435 0.001218
0.020970 0.014027 0.008606 0.000528
0.023257 0.011211 0.014773 0.000804
0.028279 0.008321 0.020608 0.001639
0.009603 0.013194 0.001421 0.000095
0.019478 0.012452 0.005790 0.000336
0.025150 0.011602 0.013930 0.000728
0.017305 0.021622 0.000949 0.001778
0.024331 0.016723 0.005955 0.001544
0.023966 0.013369 0.007328 0.001027
0.007077 0.030236 0.000003 0.000459
0.018451 0.015926 0.002389 0.000498
0.001391 0.007287 0.000279 0.000013
