1.000000 1.000000 69.000000 70.000000 70.000000 103.000000 103.000000 104.000000 104.000000 240.000000 3.428571 816.000000 11.657143 6030.000000 86.142860 54.536396 97.051483 106.133133
70.000000 103.000000 104.000000 240.000000 3.428571 816.000000 11.657143 6030.000000 86.142860 106.028572 54.536396 282.657135 97.051483 376.714294 106.133133 7.576183 28.865929 94.082718
1.000000 1.000000 69.000000 70.000000 70.000000 103.000000 103.000000 104.000000 104.000000 240.000000 3.428571 816.000000 11.657143 6030.000000 86.142860 54.536396 97.051483 106.133133
3.000000 5.000000 73.000000 80.000000 26.666666 123.000000 41.000000 292.000000 97.333336 152.666672 15.676190 436.666656 36.819050 2346.000000 95.914284 29.369276 61.677002 102.646759
5.000000 10.000000 94.000000 109.000000 21.799999 247.000000 49.400002 504.000000 100.800003 177.800003 16.785713 635.000000 43.989765 2052.399902 100.903572 24.625391 62.597210 103.431717
5.000000 12.000000 144.000000 163.000000 32.599998 645.000000 129.000000 535.000000 107.000000 332.399994 13.218781 1572.599976 65.841080 3484.000000 115.418808 27.087345 95.197151 112.545349
5.000000 10.000000 94.000000 109.000000 21.799999 247.000000 49.400002 504.000000 100.800003 177.800003 16.785713 635.000000 43.989765 2052.399902 100.903572 24.625391 62.597210 103.431717
6.000000 16.000000 104.000000 130.000000 21.666666 345.000000 57.500000 640.000000 106.666664 200.000000 15.650666 795.166687 50.970417 2076.833252 102.093910 23.636505 67.347725 105.950462
1.000000 1.000000 69.000000 70.000000 70.000000 103.000000 103.000000 104.000000 104.000000 240.000000 3.428571 816.000000 11.657143 6030.000000 86.142860 54.536396 97.051483 106.133133
4.000000 8.000000 124.000000 136.000000 34.000000 428.000000 107.000000 458.000000 114.500000 294.500000 11.746428 1303.500000 55.557350 3487.500000 111.242020 29.892673 94.574234 111.885201
4.000000 10.000000 72.000000 88.000000 22.000000 151.000000 37.750000 424.000000 106.000000 159.500000 17.457144 481.000000 47.139286 1988.500000 101.985718 25.949913 62.296272 105.534561
5.000000 13.000000 90.000000 111.000000 22.200001 256.000000 51.200001 542.000000 108.400002 188.600006 16.659046 692.400024 48.713097 2104.199951 103.483566 24.865490 65.053574 106.543015
5.000000 13.000000 90.000000 111.000000 22.200001 256.000000 51.200001 542.000000 108.400002 188.600006 16.659046 692.400024 48.713097 2104.199951 103.483566 24.865490 65.053574 106.543015
8.000000 22.000000 140.000000 176.000000 22.000000 596.000000 74.500000 840.000000 105.000000 232.000000 15.945163 974.125000 54.707397 2283.375000 109.037964 23.477194 75.502106 108.780106
1.000000 1.000000 69.000000 70.000000 70.000000 103.000000 103.000000 104.000000 104.000000 240.000000 3.428571 816.000000 11.657143 6030.000000 86.142860 54.536396 97.051483 106.133133
2.000000 3.000000 101.000000 105.000000 52.500000 308.000000 154.000000 206.000000 103.000000 358.500000 8.528571 1442.500000 35.385712 5136.500000 103.685715 38.737198 99.252274 109.502625
3.000000 5.000000 115.000000 122.000000 40.666668 377.000000 125.666664 323.000000 107.666664 318.333344 10.352381 1355.666626 46.766949 4086.666748 108.084595 32.783218 98.276367 110.989037
1.000000 1.000000 69.000000 70.000000 70.000000 103.000000 103.000000 104.000000 104.000000 240.000000 3.428571 816.000000 11.657143 6030.000000 86.142860 54.536396 97.051483 106.133133
1.000000 1.000000 69.000000 70.000000 70.000000 103.000000 103.000000 104.000000 104.000000 240.000000 3.428571 816.000000 11.657143 6030.000000 86.142860 54.536396 97.051483 106.133133
1.000000 1.000000 69.000000 70.000000 70.000000 103.000000 103.000000 104.000000 104.000000 240.000000 3.428571 816.000000 11.657143 6030.000000 86.142860 54.536396 97.051483 106.133133
1.000000 1.000000 69.000000 70.000000 70.000000 103.000000 103.000000 104.000000 104.000000 240.000000 3.428571 816.000000 11.657143 6030.000000 86.142860 54.536396 97.051483 106.133133
2.000000 2.000000 84.000000 86.000000 43.000000 178.000000 89.000000 233.000000 116.500000 251.500000 9.933036 1118.000000 50.203571 3922.000000 99.758926 36.749676 92.008568 111.189651
1.000000 1.000000 69.000000 70.000000 70.000000 103.000000 103.000000 104.000000 104.000000 240.000000 3.428571 816.000000 11.657143 6030.000000 86.142860 54.536396 97.051483 106.133133
1.000000 1.000000 69.000000 70.000000 70.000000 103.000000 103.000000 104.000000 104.000000 240.000000 3.428571 816.000000 11.657143 6030.000000 86.142860 54.536396 97.051483 106.133133
1.000000 1.000000 69.000000 70.000000 70.000000 103.000000 103.000000 104.000000 104.000000 240.000000 3.428571 816.000000 11.657143 6030.000000 86.142860 54.536396 97.051483 106.133133
2.000000 2.000000 92.000000 94.000000 47.000000 211.000000 105.500000 240.000000 120.000000 284.000000 8.547619 1229.500000 40.057739 4357.500000 99.008926 37.133049 87.354050 109.103935
1.000000 1.000000 69.000000 70.000000 70.000000 103.000000 103.000000 104.000000 104.000000 240.000000 3.428571 816.000000 11.657143 6030.000000 86.142860 54.536396 97.051483 106.133133
9.000000 30.000000 175.000000 226.000000 25.111111 958.000000 106.444443 897.000000 99.666664 287.444458 13.657024 1389.888916 67.924332 2719.111084 111.886940 22.600721 87.706818 110.149399
1.000000 1.000000 69.000000 70.000000 70.000000 103.000000 103.000000 104.000000 104.000000 240.000000 3.428571 816.000000 11.657143 6030.000000 86.142860 54.536396 97.051483 106.133133
1.000000 1.000000 69.000000 70.000000 70.000000 103.000000 103.000000 104.000000 104.000000 240.000000 3.428571 816.000000 11.657143 6030.000000 86.142860 54.536396 97.051483 106.133133
1.000000 1.000000 69.000000 70.000000 70.000000 103.000000 103.000000 104.000000 104.000000 240.000000 3.428571 816.000000 11.657143 6030.000000 86.142860 54.536396 97.051483 106.133133
1.000000 1.000000 69.000000 70.000000 70.000000 103.000000 103.000000 104.000000 104.000000 240.000000 3.428571 816.000000 11.657143 6030.000000 86.142860 54.536396 97.051483 106.133133
1.000000 1.000000 69.000000 70.000000 70.000000 103.000000 103.000000 104.000000 104.000000 240.000000 3.428571 816.000000 11.657143 6030.000000 86.142860 54.536396 97.051483 106.133133
1.000000 1.000000 69.000000 70.000000 70.000000 103.000000 103.000000 104.000000 104.000000 240.000000 3.428571 816.000000 11.657143 6030.000000 86.142860 54.536396 97.051483 106.133133
1.000000 1.000000 69.000000 70.000000 70.000000 103.000000 103.000000 104.000000 104.000000 240.000000 3.428571 816.000000 11.657143 6030.000000 86.142860 54.536396 97.051483 106.133133
1.000000 1.000000 69.000000 70.000000 70.000000 103.000000 103.000000 104.000000 104.000000 240.000000 3.428571 816.000000 11.657143 6030.000000 86.142860 54.536396 97.051483 106.133133
1.000000 1.000000 69.000000 70.000000 70.000000 103.000000 103.000000 104.000000 104.000000 240.000000 3.428571 816.000000 11.657143 6030.000000 86.142860 54.536396 97.051483 106.133133
1.000000 1.000000 69.000000 70.000000 70.000000 103.000000 103.000000 104.000000 104.000000 240.000000 3.428571 816.000000 11.657143 6030.000000 86.142860 54.536396 97.051483 106.133133
1.000000 1.000000 69.000000 70.000000 70.000000 103.000000 103.000000 104.000000 104.000000 240.000000 3.428571 816.000000 11.657143 6030.000000 86.142860 54.536396 97.051483 106.133133
4.000000 7.000000 130.000000 140.000000 35.000000 478.000000 119.500000 448.000000 112.000000 316.000000 12.103571 1432.750000 58.401192 3649.750000 113.402382 29.911205 94.027649 111.805244
1.000000 1.000000 69.000000 70.000000 70.000000 103.000000 103.000000 104.000000 104.000000 240.000000 3.428571 816.000000 11.657143 6030.000000 86.142860 54.536396 97.051483 106.133133
1.000000 1.000000 69.000000 70.000000 70.000000 103.000000 103.000000 104.000000 104.000000 240.000000 3.428571 816.000000 11.657143 6030.000000 86.142860 54.536396 97.051483 106.133133
2.000000 2.000000 89.000000 91.000000 45.500000 222.000000 111.000000 211.000000 105.500000 282.000000 9.428572 1257.500000 46.280952 4333.000000 105.833336 37.742897 95.594849 109.887573
1.000000 1.000000 69.000000 70.000000 70.000000 103.000000 103.000000 104.000000 104.000000 240.000000 3.428571 816.000000 11.657143 6030.000000 86.142860 54.536396 97.051483 106.133133
2.000000 3.000000 101.000000 105.000000 52.500000 308.000000 154.000000 206.000000 103.000000 358.500000 8.528571 1442.500000 35.385712 5136.500000 103.685715 38.737198 99.252274 109.502625
7.000000 21.000000 157.000000 192.000000 27.428572 785.000000 112.142860 848.000000 121.142860 318.000000 14.840805 1518.714233 74.001099 2995.285645 117.214226 24.845686 91.891251 113.386459
11.000000 42.000000 183.000000 256.000000 23.272728 1117.000000 101.545456 1258.000000 114.363640 294.181824 15.247010 1444.636353 77.559898 2589.636475 117.125946 22.447432 91.657280 113.604736
1.000000 1.000000 69.000000 70.000000 70.000000 103.000000 103.000000 104.000000 104.000000 240.000000 3.428571 816.000000 11.657143 6030.000000 86.142860 54.536396 97.051483 106.133133
1.000000 1.000000 69.000000 70.000000 70.000000 103.000000 103.000000 104.000000 104.000000 240.000000 3.428571 816.000000 11.657143 6030.000000 86.142860 54.536396 97.051483 106.133133
6.000000 16.000000 104.000000 130.000000 21.666666 345.000000 57.500000 640.000000 106.666664 200.000000 15.650666 795.166687 50.970417 2076.833252 102.093910 23.636505 67.347725 105.950462
6.000000 15.000000 87.000000 111.000000 18.500000 248.000000 41.333332 615.000000 102.500000 166.666672 17.534000 578.666687 50.488476 1717.500000 100.942528 22.831949 61.816906 104.280495
1.000000 1.000000 69.000000 70.000000 70.000000 103.000000 103.000000 104.000000 104.000000 240.000000 3.428571 816.000000 11.657143 6030.000000 86.142860 54.536396 97.051483 106.133133
1.000000 1.000000 69.000000 70.000000 70.000000 103.000000 103.000000 104.000000 104.000000 240.000000 3.428571 816.000000 11.657143 6030.000000 86.142860 54.536396 97.051483 106.133133
19.000000 107.000000 172.000000 367.000000 19.315790 1671.000000 87.947365 2272.000000 119.578949 276.157898 18.114174 1356.263184 88.893494 2148.578857 116.129173 19.771896 85.808113 113.855843
31.000000 182.000000 125.000000 458.000000 14.774194 2037.000000 65.709679 3235.000000 104.354836 221.000000 18.451252 1128.774170 96.245049 1650.612915 114.198112 18.512274 83.786934 112.783524
4.000000 10.000000 139.000000 155.000000 38.750000 597.000000 149.250000 503.000000 125.750000 385.500000 12.786781 1648.250000 56.107117 3945.000000 107.826302 28.509956 95.910774 112.333130
35.000000 205.000000 102.000000 477.000000 13.628572 2069.000000 59.114285 4243.000000 121.228569 225.828568 22.938004 1087.000000 101.453064 1505.142822 112.872116 17.101370 77.038017 113.180901
1.000000 1.000000 69.000000 70.000000 70.000000 103.000000 103.000000 104.000000 104.000000 240.000000 3.428571 816.000000 11.657143 6030.000000 86.142860 54.536396 97.051483 106.133133
1.000000 1.000000 69.000000 70.000000 70.000000 103.000000 103.000000 104.000000 104.000000 240.000000 3.428571 816.000000 11.657143 6030.000000 86.142860 54.536396 97.051483 106.133133
2.000000 2.000000 82.000000 84.000000 42.000000 154.000000 77.000000 239.000000 119.500000 231.500000 9.678572 981.500000 46.792858 3860.000000 103.428574 37.878716 90.259659 110.353409
1.000000 1.000000 69.000000 70.000000 70.000000 103.000000 103.000000 104.000000 104.000000 240.000000 3.428571 816.000000 11.657143 6030.000000 86.142860 54.536396 97.051483 106.133133
1.000000 1.000000 69.000000 70.000000 70.000000 103.000000 103.000000 104.000000 104.000000 240.000000 3.428571 816.000000 11.657143 6030.000000 86.142860 54.536396 97.051483 106.133133
1.000000 1.000000 69.000000 70.000000 70.000000 103.000000 103.000000 104.000000 104.000000 240.000000 3.428571 816.000000 11.657143 6030.000000 86.142860 54.536396 97.051483 106.133133
1.000000 1.000000 69.000000 70.000000 70.000000 103.000000 103.000000 104.000000 104.000000 240.000000 3.428571 816.000000 11.657143 6030.000000 86.142860 54.536396 97.051483 106.133133
1.000000 1.000000 69.000000 70.000000 70.000000 103.000000 103.000000 104.000000 104.000000 240.000000 3.428571 816.000000 11.657143 6030.000000 86.142860 54.536396 97.051483 106.133133
1.000000 1.000000 69.000000 70.000000 70.000000 103.000000 103.000000 104.000000 104.000000 240.000000 3.428571 816.000000 11.657143 6030.000000 86.142860 54.536396 97.051483 106.133133
1.000000 1.000000 69.000000 70.000000 70.000000 103.000000 103.000000 104.000000 104.000000 240.000000 3.428571 816.000000 11.657143 6030.000000 86.142860 54.536396 97.051483 106.133133
1.000000 1.000000 69.000000 70.000000 70.000000 103.000000 103.000000 104.000000 104.000000 240.000000 3.428571 816.000000 11.657143 6030.000000 86.142860 54.536396 97.051483 106.133133
1.000000 1.000000 69.000000 70.000000 70.000000 103.000000 103.000000 104.000000 104.000000 240.000000 3.428571 816.000000 11.657143 6030.000000 86.142860 54.536396 97.051483 106.133133
1.000000 1.000000 69.000000 70.000000 70.000000 103.000000 103.000000 104.000000 104.000000 240.000000 3.428571 816.000000 11.657143 6030.000000 86.142860 54.536396 97.051483 106.133133
1.000000 1.000000 69.000000 70.000000 70.000000 103.000000 103.000000 104.000000 104.000000 240.000000 3.428571 816.000000 11.657143 6030.000000 86.142860 54.536396 97.051483 106.133133
24.000000 108.000000 136.000000 328.000000 13.666667 1643.000000 68.458336 2685.000000 111.875000 235.125000 19.729702 1070.125000 77.656624 1565.625000 112.074738 17.164003 73.788551 109.865868
18.000000 111.000000 112.000000 316.000000 17.555555 1693.000000 94.055557 2318.000000 128.777771 299.333344 18.819098 1470.500000 90.775085 2014.777832 114.194176 17.475847 85.123543 114.911758
19.000000 107.000000 110.000000 305.000000 16.052631 1586.000000 83.473686 2193.000000 115.421051 266.315796 18.193823 1337.263184 92.567894 1870.421021 115.885269 17.999310 86.102974 114.372124
21.000000 119.000000 107.000000 324.000000 15.428572 1699.000000 80.904762 2636.000000 125.523811 271.904755 20.949398 1317.857178 94.138214 1768.000000 113.642021 16.674612 81.837456 114.314880
19.000000 93.000000 115.000000 282.000000 14.842105 1472.000000 77.473686 1987.000000 104.578949 244.684204 17.582544 1203.842163 83.929588 1712.789429 113.554840 17.688044 82.186043 111.517235
14.000000 51.000000 135.000000 223.000000 15.928572 1147.000000 81.928574 1690.000000 120.714287 268.642853 21.221033 1221.357178 83.467842 1830.285767 114.573692 16.571463 79.643120 112.433784
17.000000 69.000000 117.000000 238.000000 14.000000 1182.000000 69.529411 1987.000000 116.882355 241.941177 20.875263 1161.764648 96.324539 1601.411743 113.961845 16.772743 78.611610 113.803276
16.000000 75.000000 129.000000 263.000000 16.437500 1420.000000 88.750000 1814.000000 113.375000 274.437500 18.962955 1341.437500 86.965652 1920.000000 116.246162 17.610703 85.429512 113.118088
7.000000 15.000000 56.000000 79.000000 11.285714 342.000000 48.857143 683.000000 97.571426 184.000000 15.584241 911.142883 73.273521 1241.285767 98.791321 16.103365 72.351509 108.027443
20.000000 124.000000 108.000000 336.000000 16.799999 1755.000000 87.750000 2294.000000 114.699997 273.399994 16.708113 1376.599976 84.962730 1931.099976 113.470108 17.995613 86.427048 113.230507
23.000000 150.000000 88.000000 365.000000 15.869565 1852.000000 80.521736 2781.000000 120.913040 266.086945 17.789532 1343.826050 91.314476 1825.347778 114.277245 17.871498 85.989380 114.023537
8.000000 23.000000 84.000000 122.000000 15.250000 640.000000 80.000000 802.000000 100.250000 245.000000 16.352003 1191.750000 78.736252 1664.000000 105.889786 16.342875 81.369484 109.947365
15.000000 89.000000 116.000000 279.000000 18.600000 1536.000000 102.400002 1778.000000 118.533333 304.733337 17.341688 1523.666626 87.459579 2158.266602 116.160873 18.033434 87.951797 114.498116
15.000000 82.000000 111.000000 260.000000 17.333334 1443.000000 96.199997 1744.000000 116.266670 291.333344 17.538618 1457.066650 89.552834 2001.599976 115.176758 17.635347 88.178879 114.753532
14.000000 79.000000 114.000000 258.000000 18.428572 1421.000000 101.500000 1615.000000 115.357140 299.928558 16.939892 1512.142822 86.808571 2141.214355 116.017029 18.167206 89.518661 114.520370
10.000000 41.000000 96.000000 168.000000 16.799999 898.000000 89.800003 1170.000000 117.000000 279.799988 17.200323 1425.099976 88.450539 1900.099976 112.674973 17.615433 86.930328 114.202713
7.000000 24.000000 109.000000 150.000000 21.428572 836.000000 119.428574 834.000000 119.142860 336.571442 16.491306 1618.285767 82.114639 2441.428467 113.187859 18.623774 90.470024 114.409843
7.000000 25.000000 92.000000 135.000000 19.285715 744.000000 106.285713 801.000000 114.428574 307.714294 16.657789 1478.428589 83.335007 2212.142822 114.378586 18.374456 91.591652 114.319984
10.000000 43.000000 109.000000 185.000000 18.500000 994.000000 99.400002 1138.000000 113.800003 294.100006 16.462774 1445.599976 83.626015 2124.300049 114.623596 18.536255 90.910347 114.367294
13.000000 68.000000 126.000000 249.000000 19.153847 1360.000000 104.615387 1451.000000 111.615387 301.692322 16.361971 1531.538452 84.949669 2232.307617 117.061195 18.726383 89.672455 114.305206
3.000000 5.000000 39.000000 46.000000 15.333333 220.000000 73.333336 265.000000 88.333336 219.666672 13.769969 1006.333313 64.855606 1573.333374 100.725426 16.795832 82.751610 106.293068
6.000000 18.000000 72.000000 102.000000 17.000000 549.000000 91.500000 660.000000 110.000000 276.000000 16.922556 1407.500000 88.803185 1866.500000 111.354836 17.233515 86.941872 114.233665
10.000000 46.000000 109.000000 191.000000 19.100000 1057.000000 105.699997 1095.000000 109.500000 301.799988 16.538052 1521.099976 86.145988 2201.699951 114.915054 18.468353 90.125359 114.323463
3.000000 6.000000 74.000000 83.000000 27.666666 456.000000 152.000000 344.000000 114.666664 391.000000 14.134254 1762.666626 64.784454 3155.000000 114.155251 20.754839 98.007545 113.677361
6.000000 21.000000 113.000000 149.000000 24.833334 821.000000 136.833328 678.000000 113.000000 361.833344 14.665271 1728.166626 71.134521 2854.000000 115.112465 19.662930 92.593605 113.878212
7.000000 24.000000 103.000000 144.000000 20.571428 807.000000 115.285713 758.000000 108.285713 318.285706 16.527948 1558.428589 84.488808 2338.285645 113.591324 18.283503 90.538673 114.127213
1.000000 1.000000 30.000000 31.000000 31.000000 182.000000 182.000000 125.000000 125.000000 458.000000 14.774194 2037.000000 65.709679 3235.000000 104.354836 18.451252 96.245049 114.198112
4.000000 10.000000 64.000000 80.000000 20.000000 426.000000 106.500000 478.000000 119.500000 312.500000 15.995168 1541.250000 80.832047 2216.500000 112.068405 18.470577 92.521790 115.276611
1.000000 1.000000 6.000000 7.000000 7.000000 15.000000 15.000000 56.000000 56.000000 79.000000 11.285714 342.000000 48.857143 683.000000 97.571426 15.584241 73.273521 98.791321
