0.000700 0.308784 0.734586 0.410013
0.134306 0.286499 0.040472 0.722494
0.786749 0.007894 0.770561 0.718897
0.055861 0.515739 0.947637 0.028180
0.725292 0.021885 0.946238 0.410613
0.256121 0.201859 0.677626 0.837614
0.175177 0.756870 0.104127 0.821825
0.634056 0.319077 0.992405 0.790347
0.738783 0.262716 0.541821 0.746577
0.846308 0.441491 0.029579 0.342860
0.491056 0.766264 0.679225 0.829120
0.282802 0.122614 0.411112 0.190966
0.297991 0.541921 0.933547 0.665534
0.214350 0.048766 0.240931 0.782552
0.155191 0.363046 0.258819 0.250025
0.796742 0.704807 0.693215 0.004797
0.974518 0.322874 0.097232 0.920955
0.107425 0.991806 0.668532 0.823424
0.625562 0.426701 0.358149 0.097332
0.107924 0.926651 0.764665 0.687719
0.721495 0.917058 0.815629 0.041971
0.527031 0.075147 0.600779 0.058359
0.189967 0.428300 0.349655 0.204957
0.473668 0.233636 0.133806 0.351654
0.944339 0.858199 0.690816 0.517538
0.313081 0.774258 0.636754 0.367243
0.111522 0.657540 0.256820 0.510643
0.412211 0.247627 0.309483 0.043370
0.144599 0.544319 0.420805 0.326971
0.762966 0.509244 0.794644 0.778455
0.489457 0.774758 0.571600 0.463376
0.975817 0.753473 0.747177 0.968122
0.356850 0.666733 0.457979 0.879484
0.515239 0.012791 0.932048 0.860997
0.925952 0.455881 0.953133 0.311482
0.782752 0.529130 0.001499 0.804537
0.288398 0.592885 0.287799 0.471070
0.372439 0.833916 0.257320 0.445488
0.508344 0.111922 0.405416 0.533726
0.602079 0.488958 0.839912 0.475467
0.599081 0.879884 0.263116 0.289697
0.023484 0.937744 0.518237 0.621865
0.508844 0.046767 0.501549 0.398021
0.698011 0.979314 0.297392 0.420106
0.018187 0.028380 0.099231 0.660338
0.491956 0.448986 0.052263 0.784851
0.455481 0.205256 0.034576 0.691316
0.452383 0.409214 0.638553 0.732687
0.857600 0.569002 0.602178 0.675927
0.659139 0.248326 0.618267 0.777955
0.554612 0.678625 0.707305 0.367443
0.485460 0.295993 0.802538 0.549016
0.208354 0.830619 0.087339 0.411012
0.003997 0.478765 0.769062 0.914360
0.767463 0.922854 0.659838 0.557110
0.352853 0.187968 0.688918 0.965124
0.747777 0.089937 0.272209 0.303887
0.573099 0.267912 0.264215 0.346358
0.034976 0.439193 0.729289 0.500650
0.715299 0.324973 0.023583 0.124713
0.337464 0.394724 0.528030 0.944839
0.793045 0.786949 0.381833 0.409014
0.264615 0.094234 0.311882 0.530629
0.806036 0.092935 0.881283 0.880684
0.758869 0.843510 0.206356 0.091236
0.702808 0.953832 0.620266 0.517338
0.939143 0.135805 0.091036 0.328870
0.315379 0.074548 0.478965 0.143000
0.552813 0.313181 0.961227 0.455981
0.140102 0.130709 0.555611 0.548316
0.899570 0.096033 0.677326 0.276706
0.717498 0.438293 0.046567 0.127611
0.759568 0.152293 0.940941 0.501249
0.837114 0.240332 0.660737 0.239832
0.725892 0.143699 0.861597 0.047767
0.371240 0.590287 0.426601 0.171180
0.278105 0.335065 0.907465 0.866593
0.396223 0.332567 0.233237 0.385930
0.074748 0.852903 0.781453 0.098531
0.351554 0.757370 0.038973 0.917957
0.498351 0.415009 0.482762 0.247827
0.683422 0.681823 0.690317 0.582692
0.216948 0.909963 0.540821 0.876886
0.654042 0.712901 0.837714 0.362146
0.576097 0.876986 0.841011 0.532128
0.610573 0.381333 0.474168 0.168482
0.229939 0.215949 0.040272 0.348556
0.148296 0.462176 0.732187 0.922754
0.472869 0.737883 0.579994 0.168782
0.790846 0.673628 0.358849 0.406116
0.842510 0.336664 0.898971 0.974218
0.761967 0.639552 0.602378 0.049865
0.297592 0.794044 0.656640 0.574098
0.137604 0.456480 0.074948 0.226841
0.419906 0.644249 0.389927 0.553513
0.621965 0.695813 0.865994 0.274408
0.417208 0.596083 0.270810 0.686320
0.103927 0.447886 0.995603 0.773359
0.954032 0.994204 0.155791 0.484861
0.174178 0.887179 0.911862 0.093235
